[soe][Equalizer#0]
bypass=true
inputGain=-5.03

[soe][Equalizer#0#left]
band0Frequency=20
band0Gain=-5.699999809265137
band10Frequency=34
band10Gain=-5.900000095367432
band11Frequency=36
band11Gain=-6
band12Frequency=38
band12Gain=-5.900000095367432
band13Frequency=40
band13Gain=-5.900000095367432
band14Frequency=43
band14Gain=-5.699999809265137
band15Frequency=45
band15Gain=-5.599999904632568
band16Frequency=48
band16Gain=-5.800000190734863
band17Frequency=50
band17Gain=-5.699999809265137
band18Frequency=53
band18Gain=-5.599999904632568
band19Frequency=56
band19Gain=-5.599999904632568
band1Frequency=21
band1Gain=-5.800000190734863
band20Frequency=59
band20Gain=-5.400000095367432
band21Frequency=63
band21Gain=-5.400000095367432
band22Frequency=66
band22Gain=-5.400000095367432
band23Frequency=70
band23Gain=-5.400000095367432
band24Frequency=74
band24Gain=-5.5
band25Frequency=78
band25Gain=-5.5
band26Frequency=83
band26Gain=-5.699999809265137
band27Frequency=87
band27Gain=-5.699999809265137
band28Frequency=92
band28Gain=-5.900000095367432
band29Frequency=97
band29Gain=-6.099999904632568
band2Frequency=22
band2Gain=-5.900000095367432
band30Frequency=103
band30Gain=-6.199999809265137
band31Frequency=109
band31Gain=-6.300000190734863
band3Frequency=23
band3Gain=-5.900000095367432
band4Frequency=24
band4Gain=-5.900000095367432
band5Frequency=26
band5Gain=-6.099999904632568
band6Frequency=27
band6Gain=-6.099999904632568
band7Frequency=29
band7Gain=-6.099999904632568
band8Frequency=30
band8Gain=-6.099999904632568
band9Frequency=32
band9Gain=-5.900000095367432

[soe][Equalizer#0#right]
band0Frequency=20
band0Gain=-5.699999809265137
band10Frequency=34
band10Gain=-5.900000095367432
band11Frequency=36
band11Gain=-6
band12Frequency=38
band12Gain=-5.900000095367432
band13Frequency=40
band13Gain=-5.900000095367432
band14Frequency=43
band14Gain=-5.699999809265137
band15Frequency=45
band15Gain=-5.599999904632568
band16Frequency=48
band16Gain=-5.800000190734863
band17Frequency=50
band17Gain=-5.699999809265137
band18Frequency=53
band18Gain=-5.599999904632568
band19Frequency=56
band19Gain=-5.599999904632568
band1Frequency=21
band1Gain=-5.800000190734863
band20Frequency=59
band20Gain=-5.400000095367432
band21Frequency=63
band21Gain=-5.400000095367432
band22Frequency=66
band22Gain=-5.400000095367432
band23Frequency=70
band23Gain=-5.400000095367432
band24Frequency=74
band24Gain=-5.5
band25Frequency=78
band25Gain=-5.5
band26Frequency=83
band26Gain=-5.699999809265137
band27Frequency=87
band27Gain=-5.699999809265137
band28Frequency=92
band28Gain=-5.900000095367432
band29Frequency=97
band29Gain=-6.099999904632568
band2Frequency=22
band2Gain=-5.900000095367432
band30Frequency=103
band30Gain=-6.199999809265137
band31Frequency=109
band31Gain=-6.300000190734863
band3Frequency=23
band3Gain=-5.900000095367432
band4Frequency=24
band4Gain=-5.900000095367432
band5Frequency=26
band5Gain=-6.099999904632568
band6Frequency=27
band6Gain=-6.099999904632568
band7Frequency=29
band7Gain=-6.099999904632568
band8Frequency=30
band8Gain=-6.099999904632568
band9Frequency=32
band9Gain=-5.900000095367432
